100 100
200
0 6
0 10
0 11
0 13
0 20
0 21
0 22
0 27
0 32
0 33
0 35
0 45
0 49
0 54
0 63
0 69
0 76
0 79
0 87
0 91
0 93
1 7
1 9
1 12
1 20
1 29
1 35
1 40
1 45
1 48
1 55
1 57
1 61
1 62
1 71
1 77
1 79
1 83
1 88
2 6
2 7
2 8
2 10
2 25
2 28
2 32
2 35
2 40
2 52
2 74
2 87
2 88
2 91
2 92
2 93
2 96
3 1
3 8
3 11
3 37
3 44
3 45
3 51
3 92
3 93
4 1
4 6
4 9
4 19
4 29
4 32
4 35
4 41
4 45
4 46
4 48
4 63
4 64
4 68
4 69
4 78
4 79
4 80
4 92
4 97
5 3
5 4
5 6
5 15
5 18
5 19
5 26
5 33
5 45
5 46
5 48
5 57
5 60
5 63
5 65
5 69
5 72
5 78
5 79
5 83
5 89
5 97
5 99
6 1
6 3
6 19
6 24
6 25
6 26
6 28
6 32
6 38
6 44
6 54
6 57
6 64
6 66
6 67
6 70
6 88
7 6
7 15
7 28
7 44
7 45
7 51
7 53
7 55
7 57
7 64
7 83
7 95
7 96
7 98
8 5
8 10
8 16
8 19
8 20
8 23
8 25
8 30
8 31
8 36
8 37
8 45
8 47
8 49
8 55
8 56
8 60
8 67
8 71
8 77
8 81
8 82
8 84
8 85
8 99
9 1
9 11
9 30
9 37
9 39
9 47
9 53
9 63
9 66
9 68
9 74
9 78
9 86
9 90
9 98
10 10
10 14
10 16
10 24
10 33
10 37
10 40
10 47
10 54
10 56
10 61
10 62
10 67
10 70
10 71
10 72
10 78
10 80
10 81
10 82
10 94
10 99
11 1
11 10
11 14
11 15
11 19
11 24
11 25
11 28
11 30
11 35
11 36
11 42
11 44
11 55
11 56
11 69
11 70
11 73
11 87
11 88
11 89
11 90
11 97
11 98
11 99
12 0
12 1
12 7
12 11
12 12
12 14
12 17
12 27
12 28
12 38
12 41
12 43
12 54
12 57
12 65
12 71
12 73
12 74
12 77
12 85
12 87
13 12
13 14
13 17
13 22
13 23
13 34
13 37
13 47
13 48
13 52
13 53
13 61
13 62
13 63
13 71
13 72
13 74
13 88
13 91
13 92
14 7
14 13
14 24
14 32
14 61
14 73
14 84
14 89
14 93
14 94
15 3
15 4
15 8
15 9
15 11
15 17
15 30
15 32
15 41
15 51
15 75
15 82
15 89
15 99
16 10
16 11
16 13
16 25
16 35
16 40
16 42
16 54
16 57
16 69
16 71
16 75
16 85
16 86
16 94
17 3
17 10
17 15
17 16
17 18
17 25
17 30
17 36
17 39
17 40
17 41
17 46
17 58
17 73
17 83
17 85
17 88
17 90
17 94
17 97
17 99
18 2
18 7
18 10
18 14
18 17
18 20
18 23
18 28
18 32
18 38
18 39
18 41
18 42
18 43
18 48
18 54
18 56
18 57
18 63
18 72
18 83
18 85
18 89
18 90
18 91
19 1
19 7
19 11
19 16
19 26
19 28
19 30
19 34
19 37
19 38
19 44
19 49
19 50
19 51
19 53
19 56
19 58
19 68
19 79
19 84
19 85
19 92
19 97
20 2
20 10
20 11
20 19
20 20
20 21
20 22
20 27
20 33
20 38
20 41
20 48
20 49
20 50
20 52
20 64
20 65
20 68
20 69
20 73
20 78
20 82
20 87
20 91
20 98
21 1
21 4
21 15
21 23
21 26
21 28
21 29
21 30
21 48
21 49
21 51
21 52
21 60
21 61
21 62
21 65
21 66
21 68
21 75
21 76
21 88
21 89
22 4
22 5
22 15
22 18
22 22
22 27
22 28
22 34
22 36
22 45
22 59
22 64
22 77
22 79
22 83
22 96
22 97
23 6
23 7
23 9
23 11
23 14
23 15
23 20
23 26
23 27
23 32
23 43
23 47
23 49
23 56
23 61
23 62
23 65
23 77
23 82
23 98
24 19
24 22
24 28
24 34
24 36
24 39
24 40
24 44
24 46
24 47
24 52
24 58
24 67
24 70
24 71
24 74
24 77
24 82
24 88
24 94
25 1
25 5
25 9
25 12
25 16
25 19
25 23
25 30
25 32
25 34
25 35
25 38
25 52
25 55
25 56
25 62
25 65
25 70
25 76
25 87
25 97
25 99
26 27
26 42
26 48
26 49
26 52
26 53
26 56
26 58
26 60
26 71
26 74
26 77
26 93
26 96
27 0
27 3
27 6
27 18
27 22
27 26
27 29
27 31
27 43
27 48
27 52
27 53
27 62
27 71
27 72
27 75
27 78
27 79
27 91
27 96
28 2
28 7
28 26
28 28
28 39
28 54
28 56
28 58
28 68
28 72
28 81
28 82
29 4
29 5
29 10
29 21
29 29
29 38
29 47
29 53
29 54
29 55
29 56
29 59
29 60
29 62
29 67
29 68
29 70
29 78
29 79
29 81
29 87
29 97
30 7
30 11
30 14
30 16
30 17
30 24
30 55
30 60
30 64
30 68
30 75
30 76
30 87
30 89
30 92
30 94
30 99
31 1
31 10
31 11
31 19
31 20
31 25
31 28
31 38
31 45
31 46
31 56
31 62
31 64
31 69
31 71
31 73
31 75
31 83
31 87
31 96
32 22
32 31
32 40
32 43
32 44
32 49
32 60
32 61
32 62
32 76
32 77
32 81
32 82
32 88
32 98
33 2
33 4
33 6
33 14
33 29
33 32
33 33
33 37
33 39
33 42
33 47
33 53
33 56
33 70
33 79
33 82
33 84
33 86
33 93
34 0
34 4
34 15
34 24
34 29
34 35
34 36
34 39
34 43
34 47
34 48
34 52
34 55
34 73
34 80
34 81
34 93
34 94
35 2
35 13
35 14
35 26
35 29
35 31
35 45
35 49
35 51
35 55
35 56
35 59
35 61
35 62
35 67
35 72
35 73
35 77
35 85
36 0
36 4
36 16
36 24
36 25
36 40
36 42
36 57
36 66
36 78
36 84
36 97
37 1
37 21
37 26
37 27
37 35
37 41
37 45
37 47
37 48
37 54
37 58
37 61
37 73
37 74
37 75
37 76
37 78
37 80
37 84
37 86
37 88
37 89
37 91
37 97
38 0
38 10
38 11
38 14
38 20
38 21
38 22
38 33
38 36
38 38
38 41
38 48
38 49
38 50
38 54
38 57
38 72
38 74
38 79
38 80
38 81
38 82
38 89
38 90
38 92
39 20
39 21
39 22
39 23
39 29
39 39
39 47
39 74
39 76
39 88
39 91
39 92
39 93
40 5
40 10
40 13
40 19
40 21
40 22
40 23
40 31
40 36
40 47
40 55
40 63
40 73
40 76
40 78
40 89
40 94
40 97
41 8
41 9
41 11
41 14
41 22
41 36
41 39
41 60
41 75
41 76
41 78
41 82
41 83
41 85
41 87
41 90
41 94
41 97
41 99
42 0
42 7
42 12
42 17
42 27
42 29
42 30
42 35
42 36
42 42
42 43
42 47
42 49
42 58
42 60
42 65
42 66
42 69
42 70
42 83
42 94
42 95
42 97
43 5
43 23
43 28
43 29
43 33
43 37
43 42
43 47
43 54
43 60
43 61
43 70
43 83
43 86
43 87
43 88
43 94
44 0
44 10
44 11
44 13
44 14
44 18
44 20
44 25
44 28
44 31
44 33
44 45
44 47
44 55
44 59
44 63
44 66
44 73
44 86
44 98
45 11
45 13
45 15
45 26
45 30
45 33
45 35
45 39
45 41
45 44
45 46
45 59
45 71
45 73
45 80
45 85
45 86
46 0
46 10
46 12
46 16
46 17
46 21
46 43
46 45
46 48
46 52
46 60
46 68
46 70
46 71
46 72
46 73
46 77
46 82
46 83
46 86
46 91
46 96
46 97
47 0
47 3
47 4
47 10
47 17
47 19
47 21
47 23
47 31
47 34
47 43
47 51
47 53
47 54
47 56
47 57
47 58
47 69
47 73
47 77
47 82
47 85
47 87
48 2
48 7
48 24
48 27
48 28
48 33
48 42
48 49
48 62
48 68
48 72
48 74
48 79
48 80
48 84
48 85
48 89
48 94
49 7
49 9
49 15
49 19
49 20
49 23
49 25
49 30
49 42
49 47
49 51
49 54
49 56
49 57
49 62
49 65
49 74
49 75
49 78
49 89
49 90
49 95
49 97
49 99
50 0
50 4
50 6
50 7
50 14
50 22
50 30
50 40
50 46
50 64
50 65
50 70
50 73
50 75
50 82
50 84
50 89
50 90
50 91
50 95
51 1
51 9
51 10
51 20
51 30
51 31
51 39
51 44
51 46
51 52
51 65
51 67
51 71
51 73
51 79
51 92
51 93
51 99
52 1
52 6
52 11
52 14
52 20
52 23
52 25
52 28
52 36
52 53
52 55
52 68
52 81
52 83
52 89
52 92
52 95
52 96
53 7
53 8
53 14
53 19
53 23
53 26
53 27
53 28
53 34
53 37
53 42
53 47
53 55
53 66
53 68
53 74
53 76
53 88
53 90
53 93
53 97
53 98
54 5
54 9
54 10
54 17
54 19
54 29
54 48
54 49
54 53
54 60
54 61
54 76
54 86
54 93
55 7
55 9
55 12
55 20
55 22
55 25
55 32
55 42
55 55
55 61
55 71
55 84
55 94
56 2
56 7
56 13
56 14
56 17
56 25
56 36
56 37
56 40
56 46
56 47
56 48
56 53
56 62
56 73
56 79
56 83
56 91
56 95
57 8
57 13
57 15
57 16
57 20
57 25
57 28
57 32
57 46
57 47
57 51
57 61
57 62
57 64
57 67
57 69
57 72
57 73
57 89
57 95
58 2
58 8
58 13
58 14
58 18
58 26
58 27
58 30
58 32
58 36
58 37
58 39
58 40
58 41
58 43
58 48
58 52
58 55
58 57
58 60
58 86
58 87
58 89
58 93
58 99
59 2
59 7
59 11
59 20
59 41
59 44
59 45
59 53
59 54
59 57
59 58
59 67
59 78
59 82
59 90
59 91
59 97
59 99
60 10
60 20
60 30
60 36
60 42
60 47
60 52
60 63
60 65
60 70
60 74
60 81
60 85
60 91
60 96
61 1
61 2
61 3
61 6
61 31
61 36
61 44
61 45
61 48
61 49
61 53
61 56
61 60
61 61
61 65
61 73
61 75
61 76
61 80
61 81
61 83
61 85
61 86
61 88
61 90
61 94
62 6
62 11
62 14
62 16
62 17
62 24
62 28
62 31
62 33
62 40
62 44
62 48
62 61
62 62
62 77
62 83
62 92
62 95
62 96
62 97
63 4
63 6
63 8
63 9
63 10
63 12
63 26
63 28
63 29
63 34
63 50
63 51
63 53
63 55
63 62
63 67
63 71
63 77
63 78
63 81
63 82
63 88
63 89
63 90
63 97
63 98
64 1
64 6
64 7
64 10
64 11
64 13
64 19
64 21
64 28
64 53
64 56
64 63
64 66
64 82
64 84
64 87
64 92
64 94
65 0
65 5
65 7
65 56
65 60
65 63
65 75
65 89
65 90
66 0
66 6
66 11
66 15
66 19
66 20
66 27
66 32
66 47
66 52
66 64
66 71
66 76
66 78
66 82
66 88
66 90
67 2
67 7
67 12
67 14
67 15
67 21
67 24
67 29
67 36
67 39
67 46
67 58
67 64
67 65
67 67
67 69
67 94
67 95
67 98
67 99
68 0
68 5
68 7
68 9
68 10
68 11
68 25
68 27
68 31
68 36
68 37
68 45
68 53
68 56
68 57
68 69
68 72
68 75
68 81
68 88
68 89
69 12
69 25
69 31
69 34
69 36
69 38
69 39
69 46
69 48
69 58
69 60
69 63
69 67
69 68
69 69
69 72
69 73
69 79
69 84
69 87
69 93
69 95
70 4
70 6
70 8
70 17
70 22
70 32
70 37
70 38
70 61
70 69
70 71
70 74
70 80
71 2
71 6
71 18
71 20
71 21
71 25
71 27
71 30
71 31
71 35
71 39
71 41
71 42
71 45
71 61
71 64
71 90
71 97
72 1
72 2
72 6
72 15
72 23
72 33
72 34
72 36
72 45
72 47
72 54
72 55
72 58
72 65
72 66
72 77
72 88
72 89
72 91
72 95
72 96
72 98
72 99
73 2
73 3
73 4
73 6
73 23
73 30
73 32
73 34
73 37
73 41
73 44
73 48
73 52
73 53
73 59
73 62
73 63
73 67
73 68
73 70
73 80
73 85
73 92
73 94
73 96
73 99
74 0
74 7
74 8
74 21
74 24
74 35
74 38
74 54
74 59
74 65
74 68
74 75
74 85
74 87
74 89
75 4
75 7
75 9
75 17
75 20
75 21
75 28
75 29
75 33
75 43
75 48
75 51
75 55
75 57
75 59
75 60
75 74
75 76
75 85
75 86
75 90
75 92
75 94
75 98
76 3
76 11
76 13
76 21
76 25
76 26
76 27
76 31
76 34
76 35
76 40
76 44
76 57
76 64
76 65
76 66
76 69
76 70
76 75
76 78
76 87
76 90
76 91
76 94
76 98
77 4
77 17
77 26
77 32
77 39
77 41
77 45
77 54
77 65
77 67
77 71
77 72
77 74
77 78
77 91
77 98
78 2
78 3
78 9
78 11
78 14
78 17
78 19
78 24
78 26
78 34
78 43
78 55
78 69
78 74
78 75
78 80
78 84
78 95
78 97
78 99
79 13
79 16
79 27
79 28
79 34
79 40
79 49
79 51
79 52
79 61
79 62
79 66
79 69
79 73
79 74
79 75
79 76
79 94
79 96
79 97
79 98
79 99
80 2
80 5
80 11
80 12
80 14
80 17
80 22
80 24
80 45
80 54
80 62
80 65
80 68
80 74
80 84
80 88
80 93
80 94
80 95
80 97
80 98
81 1
81 14
81 15
81 25
81 45
81 49
81 50
81 66
81 67
81 68
81 72
81 88
81 89
81 93
81 95
82 6
82 13
82 23
82 25
82 30
82 39
82 44
82 46
82 50
82 52
82 54
82 55
82 58
82 60
82 72
82 74
82 81
82 85
82 87
82 95
82 97
83 1
83 3
83 25
83 33
83 42
83 44
83 49
83 58
83 66
83 70
83 78
83 84
83 90
83 99
84 0
84 7
84 17
84 31
84 34
84 37
84 42
84 43
84 47
84 55
84 62
84 63
84 66
84 78
84 85
84 91
84 97
85 7
85 8
85 13
85 15
85 17
85 20
85 22
85 26
85 29
85 30
85 31
85 38
85 39
85 43
85 46
85 50
85 51
85 52
85 55
85 56
85 59
85 64
85 67
85 69
85 70
85 74
85 83
85 85
85 88
85 91
85 93
86 4
86 11
86 16
86 28
86 30
86 37
86 45
86 54
86 55
86 56
86 57
86 60
86 67
86 70
86 71
86 72
86 73
86 76
86 78
86 80
86 84
86 86
86 88
86 95
87 8
87 12
87 17
87 19
87 22
87 25
87 26
87 42
87 44
87 50
87 69
87 71
87 74
87 80
87 85
87 92
88 3
88 6
88 14
88 15
88 18
88 22
88 25
88 29
88 37
88 38
88 47
88 51
88 54
88 58
88 60
88 67
88 76
88 77
88 81
88 87
88 89
88 91
88 94
89 10
89 18
89 23
89 30
89 34
89 37
89 43
89 47
89 51
89 64
89 71
89 75
89 76
89 83
89 86
89 94
89 95
89 97
89 99
90 1
90 4
90 6
90 7
90 13
90 18
90 20
90 28
90 46
90 59
90 63
90 64
90 70
90 79
90 93
90 99
91 1
91 6
91 11
91 13
91 15
91 23
91 31
91 34
91 37
91 39
91 40
91 50
91 52
91 56
91 58
91 67
91 68
91 71
91 74
91 81
91 82
91 89
91 96
91 97
91 98
92 2
92 4
92 9
92 10
92 11
92 14
92 19
92 20
92 21
92 30
92 33
92 38
92 46
92 59
92 65
92 67
92 69
92 70
92 75
92 79
92 87
92 91
92 99
93 5
93 7
93 10
93 12
93 15
93 16
93 19
93 25
93 36
93 53
93 60
93 64
93 75
93 77
93 85
94 17
94 20
94 35
94 39
94 43
94 59
94 60
94 62
94 63
94 67
94 71
94 72
94 75
94 80
94 89
94 94
94 98
95 2
95 16
95 21
95 22
95 25
95 26
95 37
95 38
95 39
95 42
95 48
95 58
95 60
95 63
95 64
95 69
95 84
95 89
96 4
96 5
96 11
96 14
96 20
96 21
96 22
96 32
96 33
96 37
96 39
96 45
96 46
96 51
96 54
96 56
96 59
96 61
96 62
96 63
96 64
96 85
96 87
96 88
96 95
97 4
97 12
97 16
97 22
97 26
97 28
97 34
97 40
97 49
97 54
97 56
97 58
97 68
97 72
97 76
97 77
97 78
97 82
97 89
98 0
98 7
98 9
98 12
98 28
98 35
98 37
98 39
98 44
98 47
98 62
98 69
98 71
98 72
98 73
98 78
98 79
98 99
99 2
99 7
99 13
99 28
99 39
99 53
99 57
99 71
99 73
99 80
99 87
99 94
99 96
99 99