50 50
200
11 0
12 0
1 1
2 1
11 1
12 1
0 2
2 2
11 2
12 2
24 2
25 2
26 2
1 3
7 3
11 3
12 3
16 3
21 3
22 3
7 4
8 4
9 4
11 4
12 4
14 4
15 4
16 4
20 4
23 4
2 5
4 5
7 5
8 5
9 5
10 5
11 5
12 5
13 5
14 5
15 5
16 5
20 5
23 5
3 6
4 6
9 6
10 6
11 6
12 6
13 6
14 6
21 6
22 6
3 7
9 7
10 7
11 7
12 7
13 7
14 7
18 7
19 7
24 7
2 8
3 8
6 8
10 8
11 8
12 8
13 8
17 8
21 8
24 8
7 9
17 9
18 9
19 9
20 9
24 9
2 10
3 10
4 10
18 10
3 11
8 11
9 11
10 11
11 11
12 11
13 11
14 11
15 11
8 12
9 12
10 12
11 12
12 12
13 12
14 12
15 12
19 12
1 13
4 13
5 13
9 13
10 13
11 13
12 13
13 13
14 13
18 13
19 13
20 13
2 14
4 14
5 14
10 14
11 14
12 14
13 14
18 14
20 14
23 14
24 14
0 15
2 15
11 15
12 15
22 15
23 15
24 15
0 16
1 16
8 16
19 16
23 16
4 17
5 17
15 17
18 17
19 17
20 17
1 18
4 18
5 18
15 18
18 18
19 18
20 18
0 19
1 19
7 19
10 19
11 19
15 19
19 19
3 20
4 20
5 20
7 20
9 20
11 20
15 20
18 20
19 20
20 20
0 21
7 21
10 21
15 21
0 22
4 22
5 22
0 23
1 23
4 23
5 23
1 24
3 24
7 24
9 24
13 24
17 24
21 24
23 24
3 25
4 25
6 25
7 25
9 25
10 25
12 25
13 25
17 25
18 25
20 25
21 25
23 25
24 25